NODE_6_length_90153_cov_4.723300:65793-66510	717	1	717	1	717	0.0	1325	VFG001894(gb|NP_281276) (fliA) flagellar biosynthesis sigma factor [Flagella (VF0114)] [Campylobacter jejuni subsp. jejuni NCTC 11168]
NODE_8_length_81927_cov_4.722529:55523-55832	309	1	309	309	1	8.85e-164	571	VFG001903(gb|NP_281542) (fliN) flagellar motor switch protein FliN [Flagella (VF0114)] [Campylobacter jejuni subsp. jejuni NCTC 11168]
