NODE_5_length_100459_cov_8.048794:53292-53451	159	1	159	622	780	1.04e-80	294	VFG001983(gb|NP_282073) (pebA) bifunctional adhesin/ABC transporter aspartate/glutamate-binding protein [PEB1 (VF0327)] [Campylobacter jejuni subsp. jejuni NCTC 11168]
NODE_1_length_328850_cov_8.075204:293533-294835	1302	1	1302	1	1302	0.0	2405	VFG011946(gb|NP_282174) (flgR) sigma-54 associated transcriptional activator [Pse5Ac7Ac, Pse5Ac7Am, Pse8OAc, Pse5Am7AcGlnAc (AI151)] [Campylobacter jejuni subsp. jejuni NCTC 11168]
NODE_2_length_235531_cov_8.064059:43877-43991	111	1	111	1	111	3.38e-54	206	VFG001909(gb|NP_281732) (fliD) flagellar capping protein FliD [Flagella (VF0114)] [Campylobacter jejuni subsp. jejuni NCTC 11168]
NODE_2_length_235531_cov_8.064059:45817-46204	387	1	387	1	387	0.0	715	VFG001910(gb|NP_281733) (fliS) flagellar protein FliS [Flagella (VF0114)] [Campylobacter jejuni subsp. jejuni NCTC 11168]
NODE_15_length_35287_cov_8.004090:16657-18295	1638	1	1638	1638	1	0.0	3025	VFG001891(gb|NP_281265) (flgE) flagellar hook protein FlgE [Flagella (VF0114)] [Campylobacter jejuni subsp. jejuni NCTC 11168]
NODE_15_length_35287_cov_8.004090:18298-19183	885	1	885	885	1	0.0	1635	VFG001890(gb|NP_281264) (flgD) flagellar basal-body rod modification protein FlgD [Flagella (VF0114)] [Campylobacter jejuni subsp. jejuni NCTC 11168]
