NODE_1_length_328857_cov_4.694011:34011-35313	1302	1	1302	1302	1	0.0	2405	VFG011946(gb|NP_282174) (flgR) sigma-54 associated transcriptional activator [Pse5Ac7Ac, Pse5Ac7Am, Pse8OAc, Pse5Am7AcGlnAc (AI151)] [Campylobacter jejuni subsp. jejuni NCTC 11168]
NODE_2_length_235514_cov_4.705178:189317-189704	387	1	387	387	1	0.0	715	VFG001910(gb|NP_281733) (fliS) flagellar protein FliS [Flagella (VF0114)] [Campylobacter jejuni subsp. jejuni NCTC 11168]
NODE_14_length_35277_cov_4.823807:16660-18298	1638	1	1638	1638	1	0.0	3025	VFG001891(gb|NP_281265) (flgE) flagellar hook protein FlgE [Flagella (VF0114)] [Campylobacter jejuni subsp. jejuni NCTC 11168]
NODE_14_length_35277_cov_4.823807:18301-19186	885	1	885	885	1	0.0	1635	VFG001890(gb|NP_281264) (flgD) flagellar basal-body rod modification protein FlgD [Flagella (VF0114)] [Campylobacter jejuni subsp. jejuni NCTC 11168]
NODE_3_length_58909_cov_9.767922:2315-3170	31	104	134	98	128	8.86e-09	58.4	VFG013070(gb|YP_405013) (shuV) ATP-binding component of hemin transport system [Shu (VF0256)] [Shigella dysenteriae Sd197]
NODE_1_length_229718_cov_4.808627:212024-212801	777	1	777	1	777	0.0	1435	VFG001902(gb|NP_281528) (motA) flagellar motor protein MotA [Flagella (VF0114)] [Campylobacter jejuni subsp. jejuni NCTC 11168]
NODE_14_length_31835_cov_4.399553:702-1587	885	1	885	1	885	0.0	1635	VFG001941(gb|NP_282288) (cstIII) alpha-2,3 sialyltransferas [LOS (VF0326)] [Campylobacter jejuni subsp. jejuni NCTC 11168]
NODE_14_length_31835_cov_4.399553:1567-2599	1032	1	1032	1	1032	0.0	1906	VFG001942(gb|NP_282289) (neuB1) sialic acid synthase [LOS (VF0326)] [Campylobacter jejuni subsp. jejuni NCTC 11168]
NODE_14_length_31835_cov_4.399553:2595-3711	1116	1	1116	1	1116	0.0	2061	VFG001943(gb|NP_282290) (neuC1) UDP-N-acetylglucosamine 2-epimerase [LOS (VF0326)] [Campylobacter jejuni subsp. jejuni NCTC 11168]
NODE_14_length_31835_cov_4.399553:6145-6970	825	1	825	825	1	0.0	1524	VFG001947(gb|NP_282294) (waaV) glucosyltransferase [LOS (VF0326)] [Campylobacter jejuni subsp. jejuni NCTC 11168]
NODE_14_length_31835_cov_4.399553:7028-7988	960	1	960	1	960	0.0	1773	VFG001948(gb|NP_282295) (waaF) heptosyltransferase II [LOS (VF0326)] [Campylobacter jejuni subsp. jejuni NCTC 11168]
NODE_14_length_31835_cov_4.399553:7968-8529	561	1	561	561	1	0.0	1037	VFG002026(gb|NP_282296) (gmhA) phosphoheptose isomerase [LOS (VF0326)] [Campylobacter jejuni subsp. jejuni NCTC 11168]
NODE_18_length_17139_cov_4.449185:54-1050	996	1	996	1	996	0.0	1840	VFG001938(gb|NP_282285) (Cj1137c) glycosyltransferase [LOS (VF0326)] [Campylobacter jejuni subsp. jejuni NCTC 11168]
NODE_18_length_17139_cov_4.449185:1033-2206	1173	1	1173	1173	1	0.0	2167	VFG001937(gb|NP_282284) (Cj1136) glucosyltransferase [LOS (VF0326)] [Campylobacter jejuni subsp. jejuni NCTC 11168]
NODE_18_length_17139_cov_4.449185:2209-3757	1548	1	1548	1548	1	0.0	2859	VFG001936(gb|NP_282283) (Cj1135) glucosyltransferase [LOS (VF0326)] [Campylobacter jejuni subsp. jejuni NCTC 11168]
NODE_4_length_175980_cov_15.596300:175319-175979	660	1	660	1	660	0.0	1219	VFG001940(gb|NP_282287) (wlaN) beta-1,3 galactosyltransferase [LOS (VF0326)] [Campylobacter jejuni subsp. jejuni NCTC 11168]
NODE_27_length_882_cov_13.931677:0-882	882	1	882	259	1140	0.0	1629	VFG001939(gb|NP_282286) (Cj1138) glycosyltransferase [LOS (VF0326)] [Campylobacter jejuni subsp. jejuni NCTC 11168]
