NODE_3_length_58922_cov_9.791173:55755-56610	31	722	752	128	98	8.86e-09	58.4	VFG013070(gb|YP_405013) (shuV) ATP-binding component of hemin transport system [Shu (VF0256)] [Shigella dysenteriae Sd197]
NODE_44_length_11939_cov_9.611497:7193-7892	699	1	699	699	1	0.0	1291	VFG012009(gb|NP_282457) (pseF) acylneuraminate cytidylyltransferase [Pse5Ac7Ac, Pse5Ac7Am, Pse8OAc, Pse5Am7AcGlnAc (AI151)] [Campylobacter jejuni subsp. jejuni NCTC 11168]
