NODE_3_length_58935_cov_10.668371:2325-3180	31	104	134	98	128	8.86e-09	58.4	VFG013070(gb|YP_405013) (shuV) ATP-binding component of hemin transport system [Shu (VF0256)] [Shigella dysenteriae Sd197]
NODE_44_length_11945_cov_10.622683:4047-4746	699	1	699	1	699	0.0	1291	VFG012009(gb|NP_282457) (pseF) acylneuraminate cytidylyltransferase [Pse5Ac7Ac, Pse5Ac7Am, Pse8OAc, Pse5Am7AcGlnAc (AI151)] [Campylobacter jejuni subsp. jejuni NCTC 11168]
