NODE_5_length_100471_cov_12.559137:53300-53459	159	1	159	622	780	1.04e-80	294	VFG001983(gb|NP_282073) (pebA) bifunctional adhesin/ABC transporter aspartate/glutamate-binding protein [PEB1 (VF0327)] [Campylobacter jejuni subsp. jejuni NCTC 11168]
NODE_1_length_328849_cov_12.564388:293534-294836	1302	1	1302	1	1302	0.0	2405	VFG011946(gb|NP_282174) (flgR) sigma-54 associated transcriptional activator [Pse5Ac7Ac, Pse5Ac7Am, Pse8OAc, Pse5Am7AcGlnAc (AI151)] [Campylobacter jejuni subsp. jejuni NCTC 11168]
NODE_2_length_235544_cov_12.557513:45821-46208	387	1	387	1	387	0.0	715	VFG001910(gb|NP_281733) (fliS) flagellar protein FliS [Flagella (VF0114)] [Campylobacter jejuni subsp. jejuni NCTC 11168]
NODE_14_length_35291_cov_12.537741:16663-18301	1638	1	1638	1638	1	0.0	3025	VFG001891(gb|NP_281265) (flgE) flagellar hook protein FlgE [Flagella (VF0114)] [Campylobacter jejuni subsp. jejuni NCTC 11168]
NODE_14_length_35291_cov_12.537741:18304-19189	885	1	885	885	1	0.0	1635	VFG001890(gb|NP_281264) (flgD) flagellar basal-body rod modification protein FlgD [Flagella (VF0114)] [Campylobacter jejuni subsp. jejuni NCTC 11168]
