NODE_3_length_58906_cov_12.600010:2314-3169	31	104	134	98	128	8.86e-09	58.4	VFG013070(gb|YP_405013) (shuV) ATP-binding component of hemin transport system [Shu (VF0256)] [Shigella dysenteriae Sd197]
NODE_47_length_10536_cov_12.792679:5816-6515	699	1	699	699	1	0.0	1291	VFG012009(gb|NP_282457) (pseF) acylneuraminate cytidylyltransferase [Pse5Ac7Ac, Pse5Ac7Am, Pse8OAc, Pse5Am7AcGlnAc (AI151)] [Campylobacter jejuni subsp. jejuni NCTC 11168]
