NODE_6_length_90156_cov_7.056761:65785-66502	717	1	717	1	717	0.0	1325	VFG001894(gb|NP_281276) (fliA) flagellar biosynthesis sigma factor [Flagella (VF0114)] [Campylobacter jejuni subsp. jejuni NCTC 11168]
NODE_8_length_81925_cov_7.061871:55517-55826	309	1	309	309	1	8.85e-164	571	VFG001903(gb|NP_281542) (fliN) flagellar motor switch protein FliN [Flagella (VF0114)] [Campylobacter jejuni subsp. jejuni NCTC 11168]
