NODE_3_length_58856_cov_10.088270:55736-56591	31	722	752	128	98	8.86e-09	58.4	VFG013070(gb|YP_405013) (shuV) ATP-binding component of hemin transport system [Shu (VF0256)] [Shigella dysenteriae Sd197]
NODE_44_length_11941_cov_10.225580:7198-7897	699	1	699	699	1	0.0	1291	VFG012009(gb|NP_282457) (pseF) acylneuraminate cytidylyltransferase [Pse5Ac7Ac, Pse5Ac7Am, Pse8OAc, Pse5Am7AcGlnAc (AI151)] [Campylobacter jejuni subsp. jejuni NCTC 11168]
