NODE_6_length_90119_cov_4.189961:65779-66496	717	1	717	1	717	0.0	1325	VFG001894(gb|NP_281276) (fliA) flagellar biosynthesis sigma factor [Flagella (VF0114)] [Campylobacter jejuni subsp. jejuni NCTC 11168]
NODE_8_length_81891_cov_4.212013:26068-26377	309	1	309	1	309	8.85e-164	571	VFG001903(gb|NP_281542) (fliN) flagellar motor switch protein FliN [Flagella (VF0114)] [Campylobacter jejuni subsp. jejuni NCTC 11168]
