NODE_3_length_58923_cov_11.407039:55749-56604	31	722	752	128	98	8.86e-09	58.4	VFG013070(gb|YP_405013) (shuV) ATP-binding component of hemin transport system [Shu (VF0256)] [Shigella dysenteriae Sd197]
NODE_45_length_11135_cov_11.710798:6395-7094	699	1	699	699	1	0.0	1291	VFG012009(gb|NP_282457) (pseF) acylneuraminate cytidylyltransferase [Pse5Ac7Ac, Pse5Ac7Am, Pse8OAc, Pse5Am7AcGlnAc (AI151)] [Campylobacter jejuni subsp. jejuni NCTC 11168]
